52
311575.3705928108 4163635.383176287
311575.9290834345 4163636.6361238514
311576.87831526005 4163638.7572576357
311578.28488002927 4163641.5674285707
311578.12195468036 4163644.890684538
311577.4926219689 4163648.2911600857
311578.4153759049 4163651.5786247104
311579.4897248021 4163654.152102707
311582.1618156969 4163656.6781452736
311584.56601004663 4163658.299902099
311586.1004578476 4163660.90732684
311587.3372610852 4163664.798270499
311587.2225112057 4163667.909489366
311587.0631192527 4163671.7766714357
311588.03026035836 4163674.6856535007
311589.13235149335 4163677.3140125116
311590.9715116757 4163680.1143480595
311594.1985333273 4163682.1836880157
311595.7228865017 4163685.124409021
311596.9891887576 4163687.982180608
311598.5291861859 4163691.9994573994
311600.23087359976 4163696.1351817665
311602.0263969163 4163700.513020618
311603.74850935326 4163703.993252734
311603.9679821335 4163707.041360769
311603.6388242744 4163711.2121612625
311601.83704100957 4163713.939857381
311598.4713184511 4163715.093300343
311595.70190961065 4163716.4441263964
311591.7630873249 4163718.032486763
311588.08685141563 4163719.1263820324
311586.89297018235 4163719.4532898883
311584.39446991857 4163719.8986829906
311581.74815419695 4163720.447357916
311579.8890839475 4163719.101862707
311579.2698073688 4163717.8947061314
311577.28106111276 4163714.342826924
311575.6366267588 4163710.394541674
311573.914243581 4163706.126066192
311572.24130149535 4163702.089612357
311570.6364636327 4163697.940588172
311569.40243964386 4163694.948859874
311568.1192165835 4163690.9590545343
311566.50579861854 4163686.821328279
311564.69764363684 4163682.665826743
311562.7916144364 4163678.479244921
311561.10630054993 4163674.287643714
311560.4645618432 4163672.4814814525
311560.7637401463 4163673.5959973
311561.74829549366 4163676.493478628
311563.183869902 4163679.4140091324
311564.57530802535 4163683.1126961345
