31
311626.4187660393 4163628.8045863365
311625.4193546516 4163629.13816866
311623.36831657053 4163629.839827324
311620.5665858679 4163630.936027765
311618.32434403116 4163631.775260933
311615.9093138689 4163633.1735319537
311614.10145261197 4163635.6349097844
311614.1203821269 4163638.4100228865
311615.2671182789 4163641.4481503675
311617.0636463858 4163644.3160738107
311620.5361045006 4163643.9706724044
311623.7030864963 4163642.6219197675
311626.76387259876 4163641.264480577
311629.8201195517 4163640.095882713
311633.27088594646 4163639.5733451666
311635.8942768548 4163639.9577921554
311637.61032733996 4163640.063108319
311640.8696373617 4163640.055626349
311644.24548675056 4163641.2889396152
311646.53414204664 4163642.8800338837
311650.08378902683 4163643.5986986845
311653.9487474967 4163643.033447782
311656.5297602993 4163641.5536998287
311658.93748157786 4163638.279340221
311658.4927723134 4163634.2593610687
311656.145849871 4163630.8821385643
311653.83651065966 4163627.6039818395
311651.9610382014 4163625.1486259284
311648.23001634853 4163624.2231416637
311644.4192830424 4163626.008400863
311642.3452882063 4163626.866006958
