332256.21125681617 4128605.3762128204
332254.3726604126 4128606.1234118533
332252.4906271134 4128606.9158805455
332250.6334126871 4128607.619053368
332248.7037228432 4128608.2459778464
332246.78423104354 4128608.93929827
332244.7944849238 4128609.6673253286
332242.9190972084 4128610.3486638493
332241.01800289407 4128611.074917171
332239.05396459217 4128611.758031258
332237.11674405966 4128612.4517088924
332235.2679528596 4128613.132516755
332227.6518294589 4128615.893475916
332220.01864697575 4128618.688083637
332218.0993817863 4128619.392506295
332216.20582362893 4128620.05201495
332214.31248789805 4128620.7226195373
332212.4541685743 4128621.3703235826
332210.5787857766 4128622.051669529
332208.64179183956 4128622.7564494093
332206.72163976845 4128623.4164927695
332204.87196448806 4128624.0529255415
332202.9440587056 4128624.7686247593
332200.99731217255 4128625.429201989
332199.6897202447 4128625.677383531
332197.8537550771 4128625.669746759
332196.75845942635 4128625.4474802087
332195.59622006386 4128624.982355569
332194.3388863057 4128624.197236966
332193.2007758092 4128623.165532434
332192.47179308126 4128622.1922350936
332191.4262880306 4128620.470479988
332190.49314062344 4128618.602175812
332189.5865881663 4128616.7333391616
332188.80414694827 4128614.862017277
332188.20676194044 4128612.9314899915
332187.94316298526 4128611.2828771663
332187.9245216295 4128610.7948530028
332188.09109199245 4128608.926727149
332188.5211721264 4128606.931225187
332189.1203787349 4128605.409634041
332189.6458206606 4128604.633216183
332190.1072293718 4128604.2021788107
332190.47489884746 4128603.9617175697
332192.19999949145 4128602.8615788105
332193.99713250843 4128601.815497747
332195.8164397403 4128600.9909719084
332197.69824757753 4128600.1873948704
332198.3963711809 4128600.062416428
332199.10602598987 4128600.070406443
332199.67606041324 4128600.1921916204
332200.7930885199 4128600.6138224993
332201.5111856733 4128601.0434414293
332202.06240047 4128601.5541015295
332202.6818917778 4128602.3741928977
332203.3370871658 4128603.6486669783
332204.2259074249 4128605.5178600335
332205.13156890275 4128607.3423161954
332205.9674198611 4128609.223669945
332206.8103369244 4128610.572085121
332207.3795031959 4128611.0934860297
332207.9542021066 4128611.4482770856
332208.7585053955 4128611.754071153
332209.60491262673 4128611.9480228676
332210.2966139781 4128611.9452733034
332211.57805725565 4128611.7198169883
332212.8552796617 4128611.2835465134
332214.70782536175 4128610.3473598417
332216.5264660249 4128609.4895520164
332218.4248931327 4128608.6301471754
332220.1457960296 4128607.7631970774
332221.94204253773 4128606.672740113
332222.87439443707 4128605.843778041
332223.5835634229 4128604.9415847836
332224.09458985867 4128603.887959379
332224.39329766086 4128602.860784637
332224.46462215367 4128601.9935614048
332224.43645140145 4128601.4724282473
332224.2788375255 4128600.687488072
332223.8133671753 4128599.586813135
332223.04113042395 4128597.781883777
332222.2675605217 4128595.910381531
332221.47648216865 4128594.0503298175
332216.87786632706 4128583.6307565263
332216.1404209918 4128581.791831299
332215.36484897137 4128579.8204702022
332214.61876002105 4128577.9928180827
332213.80019447603 4128576.0889175413
332212.9920488022 4128574.2625080193
332212.13779978873 4128572.3482221183
332211.3786444722 4128570.7539305813
332210.57160860253 4128568.98299873
332209.7528192369 4128567.0680030566
332209.02401413594 4128565.217805406
332208.22339875565 4128563.324645849
332207.3709249642 4128561.499124323
332206.43888642336 4128559.68629589
332205.55430484755 4128558.4719140925
332204.75064167636 4128557.755409476
332203.84326220315 4128557.1741808946
332202.68987929047 4128556.7088775006
332201.6482103298 4128556.5077359765
332200.6016751317 4128556.506490939
332199.0990384321 4128556.7585773678
332197.8754435133 4128557.215975555
332196.9734389299 4128557.789033884
332196.25938052265 4128558.4471284687
332195.6200205683 4128559.2924263705
332195.253259377 4128560.021266457
332194.9556640382 4128561.103919703
332194.84445955337 4128562.193940641
332194.9373761903 4128563.2909742324
332195.24372338515 4128564.417033951
332196.10506480007 4128566.2423768193
332196.9579850472 4128568.090088265
332197.4846712956 4128570.0331316767
332197.5975396134 4128571.2407651916
332197.49297846097 4128572.21965367
332197.20424854965 4128573.3021293487
332196.3630342202 4128575.139363877
332195.760024976 4128576.028333747
332195.06503168255 4128576.7526464323
332194.1213698168 4128577.459738646
332192.8652059309 4128578.062089157
332191.78921159497 4128578.3611336765
332189.90337778296 4128578.5209957887
332187.81517853047 4128578.3186125793
332185.7857024174 4128577.948554825
332183.7941308123 4128577.6998378644
332182.82051909785 4128577.797034353
332181.60312692437 4128578.1211116277
332180.3735593988 4128578.722931457
332178.8182260595 4128579.8862723312
332177.57517324726 4128581.1432592543
332177.0676832616 4128581.9304182515
332176.56132723467 4128583.2170519927
332176.1740186027 4128585.1339984285
332176.1541349721 4128586.355390306
332176.365411727 4128587.6054527443
332176.8641504317 4128589.0384574425
332177.590271877 4128590.3115093773
332178.21552078135 4128590.9760846016
332179.0621759043 4128591.625126058
332180.05709411175 4128592.149099137
332180.94916297856 4128592.4087333404
332182.1138291662 4128592.5519092926
332183.6202362877 4128592.488442942
332185.62506850436 4128592.0708976095
332187.5820202187 4128591.4767124997
332189.4664957769 4128590.806279581
332191.3680353544 4128590.102205579
332193.2347811968 4128589.432128569
332195.2076868602 4128588.748826309
332197.02877451613 4128588.013064788
332198.92920443043 4128587.2535150885
332200.8830477105 4128586.5039962684
332202.7723914753 4128585.6336700507
332204.66373508365 4128584.8632037058
332214.89081673755 4128580.507057383
332216.75490060553 4128579.703839857
332218.63471581787 4128578.8004083494
332220.4449430456 4128577.9649701365
332222.86973367457 4128576.817530026
332223.9430431359 4128575.941346489
332224.2887638928 4128575.490427448
332225.0927666818 4128574.0091390787
332225.3675460835 4128573.115642806
332225.4581564188 4128572.325733106
332224.3930846816 4128569.1835736264
332223.5579010525 4128567.3355046296
332222.7683757376 4128565.5531212296
332221.958454113 4128563.6379469726
332221.19374655746 4128561.766267318
332220.4465468925 4128559.8831372573
332219.7091006619 4128558.0442117364
332219.0503300116 4128556.148211413
332218.24151748663 4128554.288514938
332220.1993509468 4128558.1675957856
332224.3748885278 4128558.9719943055
332227.7679885099 4128557.9050696306
332226.02780916734 4128559.138701379
332224.51856906706 4128560.3899099207
332224.10548041406 4128561.019776655
332223.7828206207 4128561.736632503
332223.62793270044 4128562.4168296847
332223.5907355106 4128563.2167699775
332223.7018432673 4128564.7796369186
332224.0203837132 4128566.0719524445
332224.74807470175 4128567.8666738286
332225.5402650158 4128569.7822032957
332226.2118565268 4128570.9897511546
332226.91004333424 4128572.1967666214
332227.66073438607 4128572.9254336385
332228.4426654527 4128573.442576461
332229.06811336684 4128573.6742537166
332229.7177132951 4128573.783348175
332230.3737349496 4128573.770214799
332231.1157426509 4128573.6221608063
332232.9403904092 4128573.063935188
332234.8494696529 4128572.2931209095
332236.6829634382 4128571.2907215273
332237.57343839447 4128570.5846990766
332238.25801573356 4128569.7828990957
332238.63497793145 4128569.120456473
332238.88627309434 4128568.3828299893
332239.13132956834 4128566.8905326407
332239.21037179616 4128565.0796604855
332238.9866851466 4128563.652246418
332238.3031007065 4128561.845541068
332237.55701555935 4128560.017887071
332236.7832239993 4128558.13528809
332235.98305871256 4128556.2643170785
332235.18355945544 4128554.426632609
332234.39225869393 4128552.5554842637
332233.6107112753 4128550.728540476
332232.7037182279 4128548.8375084475
332231.7796608027 4128546.980117932
332230.8119434304 4128545.156901364
332230.21284707414 4128544.4695988763
332229.3466843077 4128543.732143299
332228.3686058484 4128543.1634273953
332227.1538326691 4128542.73264945
332225.63277605706 4128542.5078023667
332224.3654980466 4128542.55537331
332222.5290910065 4128542.9695366602
332220.61778447725 4128543.629398608
332218.76100221137 4128544.354769017
332216.78897280054 4128545.0824472317
332214.9794049964 4128545.951172435
332213.2072976397 4128546.919047486
332211.4631191446 4128547.952963388
332209.75306888565 4128548.919596724
332209.13452635973 4128549.4758782336
332208.7116844172 4128550.0615412714
332208.3710728921 4128550.767657239
332208.16410562646 4128551.5043971897
332208.03761257103 4128552.7168232836
332208.13541492564 4128554.0579577666
332208.5727809455 4128555.969490307
332209.3275158606 4128557.7858689525
332210.1270206481 4128559.623551149
332210.9706288158 4128561.449250433
332211.80648223084 4128563.3306047516
332212.6057638762 4128565.157191671
332213.4504817737 4128567.0383686414
332214.28522341244 4128568.8642457244
332216.90544255544 4128576.1488451613
332216.9095239902 4128578.124552676
332216.5064749416 4128580.141711321
332215.9509206316 4128581.6291262773
332215.08397560683 4128583.067276112
332213.8442504271 4128584.4906898728
332212.6656721225 4128585.424482208
332211.55135061534 4128586.023989975
332209.7666106215 4128586.803420246
332207.8659575941 4128587.55187196
332205.929844316 4128588.3010341334
332204.0201046284 4128589.0385687565
332202.1903736993 4128589.7856017463
332200.3083409101 4128590.5780821755
332198.42586411536 4128591.348372059
332196.55536322924 4128592.2738217544
332194.6906174014 4128593.043757473
332192.75495079637 4128593.815113764
332190.87358626124 4128594.640882857
332189.0079526894 4128595.366437908
332187.13212116424 4128596.0255979537
332185.2578452424 4128596.7624268783
332183.2605687165 4128597.557219096
332181.38629343954 4128598.294048913
332179.49982037913 4128598.864624299
332177.67007068155 4128599.167665547
332176.188260332 4128599.130740965
332174.94092006347 4128598.8449222893
332173.7866520653 4128598.3352410137
332172.76269445656 4128597.689750881
332171.6702367205 4128596.723734358
332170.6223034009 4128595.323928492
332169.59585432406 4128593.668393781
332168.6653659236 4128591.933237753
332167.6963056162 4128590.043455097
332166.8260947721 4128588.2182925
332166.07910676306 4128586.3462623656
332165.34165024676 4128584.5073412247
332164.5689550466 4128582.6802258254
332163.75082268944 4128580.798520768
332162.96815061 4128578.916105586
332162.4435037877 4128577.960918024
332161.661720069 4128576.122884926
332160.9399921672 4128574.183749598
332160.5471874907 4128572.7264241497
332160.3662577199 4128571.2204555017
332160.38351993647 4128570.753912149
332160.52775966143 4128569.985127217
332160.86281086365 4128569.0016218033
332161.51876229217 4128567.6564912684
332162.6913145445 4128565.979116096
332163.36990911525 4128565.3217287255
332164.89244921034 4128564.2922411286
332166.67741271947 4128563.5238968423
332168.6110845676 4128562.6526752906
332170.5115181777 4128561.893119286
332172.2789745192 4128561.136226805
332174.1689881863 4128560.2991807475
332175.9878586142 4128559.452459915
332177.91377809166 4128558.6368955746
332179.79514984664 4128557.8111238526
332181.64195001614 4128557.030444648
332183.53485391475 4128556.3376421686
332185.4607747664 4128555.5220796154
332187.35079089034 4128554.6850366234
332189.2326087383 4128553.88145807
332191.06145802443 4128553.090040556
332192.94327655144 4128552.286462861
332194.7716821545 4128551.4728551973
332196.67898605845 4128550.6132683656
332198.534210074 4128549.8102245033
332200.4791971089 4128549.0608834396
332202.4057876106 4128548.278611376
332204.243060107 4128547.46482834
332206.08853165293 4128546.61758174
332207.97855165263 4128545.78054355
332209.7460144449 4128545.02365922
332211.62716994603 4128544.1867993777
332213.51719099574 4128543.349762478
332215.39856936265 4128542.523999002
332217.3065436558 4128541.6977034905
332219.18061252206 4128540.9497868186
332221.0101335982 4128540.191662519
332222.91921960225 4128539.4208457805
332224.733010125 4128538.762936707
332226.7697635814 4128538.167163973
332227.88611180196 4128538.111515068
332228.5359365995 4128538.231705015
332229.5984471309 4128538.587831852
332230.98034649657 4128539.3926622923
332232.1262172302 4128540.3687171284
332233.16350387566 4128541.6799439965
332233.95589670574 4128543.1625725836
332234.7272467184 4128544.9231209313
332235.5537866233 4128546.7824639343
332236.30031741445 4128548.632308753
332237.1359439557 4128550.502569918
332237.92568943556 4128552.296050065
332238.74425129395 4128554.1999527877
332239.5091775274 4128556.082729403
332240.38846224523 4128557.9188170517
332241.29523057427 4128559.798754352
332242.1476969439 4128561.624279075
332243.04404458485 4128563.4267255734
332243.86216013844 4128565.3084377665
332244.50252785697 4128567.1715082964
332245.11009997164 4128569.168434614
332245.27990903595 4128570.119630003
332245.2404887922 4128570.8086152286
332244.97172334854 4128572.4456861434
332244.60097989906 4128573.4188022283
332244.144453163 4128574.093937237
332243.6138957053 4128574.615155104
332242.9926877527 4128575.03828823
332242.28038506955 4128575.3411456523
332240.4530913787 4128576.2102204594
332238.6605923127 4128577.0452993317
332236.74242660496 4128577.8051947528
332234.8663657615 4128578.4532483458
332234.820707264 4128578.3875627625
332237.1817253644 4128578.4845966212
332241.92821315944 4128580.3431675006
332242.47229964734 4128580.054777359
332241.6946096638 4128580.192444733
332240.9406276576 4128580.1853383896
332240.2192187449 4128580.033280857
332238.31008215144 4128579.472102581
332236.2544579939 4128579.124756088
332234.280841246 4128578.8867677436
332233.01401301596 4128578.9565285523
332231.05172461027 4128579.2844110383
332229.09432320547 4128579.8563948036
332227.256167393 4128580.6257906295
332225.36726449465 4128581.5183021785
332224.02689050825 4128582.3443326363
332223.6989003709 4128582.794896736
332223.23728702764 4128583.658833813
332222.5671513546 4128585.1818420957
332222.5596803527 4128586.5805840157
332222.7773513078 4128587.2644223254
332223.5059296243 4128589.10352557
332224.32138194126 4128590.8520900896
332225.1751822692 4128592.7441861397
332226.0099191527 4128594.5700642844
332226.6028130839 4128595.390689797
332227.2249476833 4128595.8999316487
332227.8792107421 4128596.24203124
332228.5126336256 4128596.429148955
332229.1167954996 4128596.4836532534
332230.1181113234 4128596.441407106
332230.8151249312 4128596.2609539297
332232.0382712764 4128595.7813694063
332232.88820311433 4128595.4608585224
332235.68819504173 4128594.386764263
332238.2881875808 4128593.410674977
332241.08817971905 4128592.435911618
332243.98817142553 4128591.362473783
332247.1881618865 4128590.1930168606
332249.98815377854 4128589.118909408
332252.58814632444 4128588.142807938
