36
311652.9097101389 4163727.8887608834
311651.2711156643 4163721.08707182
311654.6862826846 4163716.2799119293
311659.64671801304 4163711.448729633
311661.4502895841 4163705.301537815
311659.87375174166 4163698.8981150254
311655.22307189833 4163693.6525854887
311648.2708801808 4163690.524381317
311641.41024900577 4163687.538429423
311636.82311703125 4163681.980603693
311634.4123718755 4163675.0188363884
311634.88582822075 4163667.4807995227
311638.68013963295 4163662.2542344
311643.55307139707 4163658.235492148
311648.5120246227 4163654.5034540626
311650.847848441 4163649.6209111838
311650.213697267 4163643.4847238944
311645.1200336014 4163638.9598071403
311640.0013950946 4163638.776410158
311635.51565319474 4163641.565112505
311633.48329108633 4163646.5850893576
311634.08642710594 4163652.1335660927
311635.68215962755 4163657.0488577345
311638.26594687847 4163661.519804936
311642.0476583723 4163665.841396182
311645.3084734514 4163669.786254354
311647.7219846127 4163674.5386292003
311649.05334997585 4163679.4821369466
311650.30727396783 4163685.2933746837
311650.93537054554 4163691.5518237436
311647.83398998505 4163696.5627925363
311645.0078147485 4163701.2455434767
311645.1505919582 4163707.5261274595
311648.0045179294 4163713.7783854976
311649.9609461021 4163719.018544714
311651.6759720468 4163723.7423898405
