311652.6123114949 4163726.8519172366
311650.5809693133 4163721.813299636
311645.97721460415 4163718.6317129303
311650.41801827756 4163722.416521256
311648.5647598499 4163717.051892734
311646.45622579294 4163712.1149502685
311643.80838492 4163706.768385857
311641.92585866846 4163701.2822999354
311639.9926286267 4163695.89728658
311638.7409692365 4163690.5744940806
311636.81656448834 4163685.5778567092
311633.62864822405 4163680.5655359644
311631.5059712101 4163675.395772386
311630.0083607032 4163669.356931185
311627.03560500126 4163665.261201281
311625.3210599979 4163660.5595535333
311622.9229202579 4163656.095491322
311626.25359759456 4163651.0681983363
311628.1560708955 4163656.6537476284
311627.8728081469 4163661.6783698685
311624.8677847814 4163665.8766978094
311627.0114039079 4163670.8017360684
311631.06251644564 4163674.151308554
311634.1134639961 4163678.189751148
311635.6193938585 4163683.8176233633
311636.29164286226 4163688.9093400347
311638.1403727599 4163693.685654206
311640.42902040994 4163698.7739307764
311643.04180373414 4163704.520969527
311645.71033039154 4163710.3888656143
311648.440401766 4163716.2442611363
311651.2441256071 4163722.2312091417
311655.3991296291 4163726.655340665
311659.2602622449 4163731.363708492
311654.1689240015 4163731.2129921787
