129
311559.186454216 4163603.8546780054
311558.8688633307 4163603.095850625
311558.2644578799 4163601.7662329725
311557.6978909468 4163600.546776578
311557.13157622784 4163599.338416656
311556.5453325303 4163598.030590409
311556.0201329248 4163596.688069332
311555.59608340135 4163595.1323064324
311555.2136580122 4163593.853151334
311554.7981887526 4163592.6746673738
311554.20740165457 4163591.167105382
311553.48872123985 4163589.473715115
311552.8656470623 4163588.100113651
311552.24584930425 4163586.482189788
311551.4966438647 4163584.611859052
311550.9061080747 4163583.1153937075
311550.43009817245 4163581.9937977167
311550.0279992764 4163581.014849058
311549.51515977073 4163579.827477681
311549.0209872036 4163578.6840904853
311548.5744917009 4163577.69504945
311547.9852168644 4163576.25406648
311547.2390382344 4163574.516893343
311546.5546608651 4163572.778314648
311546.0912599056 4163571.4343885113
311545.73330405547 4163570.4544360233
311545.41343947547 4163569.5957411556
311545.03883540456 4163568.6605760525
311544.62891606486 4163567.7262141816
311544.2560784984 4163566.8687241767
311543.93924222456 4163566.1431866153
311543.6312347021 4163565.4174482604
311543.2399821979 4163564.527070593
311542.8023141698 4163563.537829028
311542.37196055474 4163562.4818080473
311541.99811302766 4163561.579932382
311541.60686019727 4163560.689554781
311541.22519324935 4163559.8322657053
311540.8997800639 4163559.1180254933
311540.57285252016 4163558.3372066636
311540.2751875786 4163557.677846242
311539.8814105594 4163556.676504333
311539.5229486943 4163555.6743592047
311538.9629336911 4163554.354835197
311538.38677522 4163553.1022914695
311538.0600996318 4163552.3325691656
311537.78816359176 4163551.639317075
311537.61460642656 4163550.999338265
311537.4884743632 4163550.5026090927
311537.33408911823 4163549.928807294
311537.1943328354 4163549.221446617
311537.1267214074 4163548.579058079
311537.0989634696 4163547.7470260398
311537.18345631496 4163546.801419076
311537.3993719568 4163545.8084141975
311537.7002995805 4163545.057723668
311538.26281092933 4163544.156755158
311538.8573613571 4163543.4993058983
311539.28214978904 4163543.145476682
311539.82978464453 4163542.7555468585
311540.39760103414 4163542.476179838
311540.9752558179 4163542.240997803
311541.6253079047 4163542.0818844237
311542.569235055 4163542.027108894
311543.74725448084 4163542.166848449
311544.6200506602 4163542.4800628377
311545.2907933169 4163542.8422815166
311546.0089609205 4163543.3477499303
311546.720823363 4163543.964383583
311547.4024178933 4163544.8037492484
311548.2262829208 4163545.684287927
311548.9207439417 4163546.700995912
311549.5387738908 4163547.8526683855
311550.08945396147 4163549.150200971
311550.62828075956 4163550.7033532523
311551.54801645014 4163553.0805057473
311553.00833615306 4163556.3113335795
311554.3511043043 4163559.422711139
311555.45548989216 4163562.1509341635
311556.4617446336 4163564.448404155
311557.2298697749 4163566.373815921
311557.8304959412 4163567.9255630793
311558.28960496 4163569.0808503563
311558.64528809115 4163569.9609353896
311559.0087905041 4163570.7964338944
311559.3364729582 4163571.6105426955
311559.6707129056 4163572.3245827756
311560.045062797 4163573.248652037
311560.3830880183 4163574.129138713
311560.617182798 4163574.712230236
311561.00389430416 4163575.791448879
311561.2763324536 4163576.506894527
311561.52833704767 4163577.100680936
311561.7816033971 4163577.749949544
311561.96348235506 4163578.367535133
311562.1075262969 4163579.263535604
311562.2303796471 4163580.0045875157
311562.28411685885 4163580.8138243454
311562.2205600545 4163581.903283127
311562.0578678271 4163582.906179055
311561.8119312591 4163583.744435495
311561.5024267855 4163584.5064223865
311561.1205256325 4163585.192340524
311560.71188585414 4163585.8677646066
311560.1476088485 4163586.691056598
311559.6350428075 4163587.457661706
311559.1499726386 4163588.268050237
311558.7837144376 4163589.253371541
311558.650537516 4163590.3888224564
311558.79332383187 4163591.617916827
311559.2173689578 4163592.785103739
311559.82505159994 4163593.870399031
311560.316950662 4163594.9139188607
311560.7505812901 4163596.1141943675
311561.29772395734 4163597.2563774656
311561.93870222353 4163598.25209824
311562.6558585564 4163599.1017582873
311563.5992819307 4163599.8019442763
311564.9387376553 4163600.437612898
311566.6431970167 4163600.809630796
311568.28358020226 4163600.6946104425
311569.5884670138 4163600.1986438916
311570.92513616174 4163599.5465243096
311572.4976586697 4163598.778019623
311574.22733281483 4163597.9282262535
311575.78169369884 4163597.137930888
311577.0570671021 4163596.5094106155
311578.08195789054 4163596.1308344947
311578.7120776422 4163595.8722574743
