311652.6731029338 4163727.1947026514
311652.25185125216 4163726.149572317
311651.7589613743 4163724.6730857827
311651.18005519453 4163722.909898148
311650.7181912388 4163721.2439694293
311650.12768110697 4163718.9703457
311649.884009658 4163716.0227070893
311650.476536388 4163713.333613863
311652.2117419732 4163710.7850775076
311655.1761478044 4163709.074568829
311658.7169384932 4163708.2391329156
311662.2231723934 4163707.0492145857
311665.62598639785 4163705.5840943246
311668.9725523151 4163703.198773895
311671.75055727223 4163699.8937959173
311673.11219844443 4163695.677327913
311673.04561693966 4163691.1935645193
311671.7447879179 4163686.8155704103
311670.2598158017 4163682.885848816
311668.31499298755 4163679.7104252917
311666.0069303678 4163677.2648998
311663.1063347646 4163675.5655868226
311659.5768823972 4163674.957479979
311655.8178828962 4163675.520320558
311652.1792057795 4163677.101827484
311649.0036571198 4163679.2390188053
311646.30284035427 4163681.276602076
311644.2293653024 4163683.710705272
311642.98048954183 4163686.670069679
311642.7284973626 4163689.9620413682
311643.783147153 4163693.2243088596
311646.0876813455 4163695.9030542006
311649.2997994683 4163697.706301085
311652.70337180875 4163699.383073072
311655.7010766579 4163701.857326661
311657.7251058437 4163704.631268662
311659.1818303593 4163707.318187169
311660.28364268213 4163709.9354583
311661.2679074788 4163712.4332776573
311662.2612526093 4163714.94199287
311662.8431831559 4163717.226914456
311662.9223863776 4163719.1568919276
311662.6048061679 4163720.729517062
311661.9880620806 4163721.964775249
311661.27395140706 4163722.80256858
311660.1199229716 4163723.7169749667
311658.8796266841 4163724.3335838923
311657.75460718706 4163724.9697769177
311656.74915272166 4163725.4256174155
311655.3287530089 4163725.8908905806
311653.9002815562 4163726.389654005
311653.07013868773 4163726.785998892
311652.6165997163 4163727.0405566893
