311652.3310516072  4163725.7481612456
311654.8671372719  4163724.624701794
311656.52212697914  4163722.4332592064
311656.929254274  4163718.971228947
311657.531620977  4163715.5491693118
311658.6851477777  4163711.8925376064
311658.43239933776  4163707.7682750872
311656.97012579266  4163704.060083037
311655.378196122  4163700.088386386
311653.71689703665  4163696.1737777386
311652.07375833695  4163692.2809608756
311648.7047406431  4163689.4043688737
311644.6279148648  4163688.031559811
311640.69537390734  4163687.1772746877
311638.0793102063  4163684.783167199
311636.1690315775  4163680.7965065213
311635.40093015064  4163676.928208025
311635.0588752825  4163673.1501433505
311635.47381745966  4163669.6435255725
311636.6139739371  4163666.1759317783
311638.2830962511  4163662.663006375
311639.85106866155  4163659.36332217
311639.9789553438  4163656.0519675408
311638.12744599197  4163651.9307441693
311635.5956204126  4163648.1913589877
311631.4958187934  4163647.363083896
311627.32665451476  4163649.3119310015
311622.9004482006  4163650.4450634355
311619.06323532993  4163649.122328772
311615.8727816631  4163646.330506134
311614.0805363287  4163642.0969181545
311612.5183406372  4163637.880304291
311613.07453285705  4163633.5933214184
311616.6998506818  4163631.035110634
311621.2209112416  4163629.4113233346
311626.1642388517  4163627.711325397
  
